(29,11) (26,74) (21,52) (10,0) (4,43) (3,48) (1,41) 
(38,62) (27,0) (11,28) (8,40) (6,55) (5,49) 
(48,0) (26,74) (12,49) (11,62) 
(21,73) (18,0) (16,19) (11,38) (6,58) (5,95) (5,67) (4,53) (2,50) (1,65) (1,36) 
(36,64) (23,0) (18,45) (11,29) (3,41) (3,24) 
(38,45) (33,5) (8,84) (7,93) (5,39) (3,0) 
(41,34) (25,8) (24,76) (5,0) (1,6) 
(65,35) (34,0) 
(48,9) (13,58) (11,72) (8,0) (7,84) (6,92) (1,99) 
(23,0) (22,43) (18,24) (14,75) (10,90) (8,66) 
(33,49) (17,0) (12,83) (12,24) (8,40) (5,18) (4,96) (2,37) 
(38,28) (21,79) (17,0) (10,68) (9,18) 
(47,42) (41,0) (4,96) (3,92) (1,90) 
(27,0) (22,56) (21,79) (20,28) (6,49) 
(35,28) (34,64) (24,3) (2,0) (1,99) 
(26,57) (24,32) (22,9) (16,84) (8,0) 
